TRACE-A	FREQ-A	TRACE-B	FREQ-B	TRACE-C	FREQ-C
-91.62	7400.000001	-91.556	7400.000001	-91.957	7400.000001
-91.628	7403.636364	-91.565	7403.636364	-91.965	7403.636364
-91.246	7407.272728	-91.093	7407.272728	-91.397	7407.272728
-91.156	7410.909091	-91.855	7410.909091	-91.472	7410.909091
-91.656	7414.545455	-91.872	7414.545455	-91.269	7414.545455
-91.188	7418.181819	-91.658	7418.181819	-91.524	7418.181819
-91.312	7421.818182	-91.559	7421.818182	-91.025	7421.818182
-91.338	7425.454546	-91.217	7425.454546	-90.964	7425.454546
-90.468	7429.09091	-92.067	7429.09091	-91.435	7429.09091
-91.343	7432.727273	-90.987	7432.727273	-90.821	7432.727273
-91.975	7436.363637	-91.57	7436.363637	-91.652	7436.363637
-91.462	7440.000001	-90.969	7440.000001	-91.346	7440.000001
-91.254	7443.636364	-91.396	7443.636364	-91.199	7443.636364
-91.153	7447.272728	-91.568	7447.272728	-90.952	7447.272728
-91.122	7450.909091	-91.107	7450.909091	-91.524	7450.909091
-91.2	7454.545455	-91.671	7454.545455	-91.826	7454.545455
-91.283	7458.181819	-91.23	7458.181819	-91.295	7458.181819
-91.395	7461.818182	-91.044	7461.818182	-91.938	7461.818182
-91.136	7465.454546	-91.419	7465.454546	-91.072	7465.454546
-90.931	7469.09091	-91.293	7469.09091	-90.82	7469.09091
-90.858	7472.727273	-91.56	7472.727273	-90.391	7472.727273
-90.975	7476.363637	-91.292	7476.363637	-91.184	7476.363637
-90.691	7480.000001	-91.404	7480.000001	-91.122	7480.000001
-91.062	7483.636364	-90.882	7483.636364	-91.11	7483.636364
-90.49	7487.272728	-91.606	7487.272728	-91.459	7487.272728
-90.206	7490.909091	-91.207	7490.909091	-90.757	7490.909091
-91.209	7494.545455	-90.354	7494.545455	-91.321	7494.545455
-90.959	7498.181819	-91.337	7498.181819	-91.153	7498.181819
-91.714	7501.818182	-90.709	7501.818182	-90.151	7501.818182
-90.872	7505.454546	-91.444	7505.454546	-90.79	7505.454546
-90.966	7509.09091	-90.701	7509.09091	-90.939	7509.09091
-90.78	7512.727273	-91.116	7512.727273	-90.652	7512.727273
-90.564	7516.363637	-90.619	7516.363637	-90.828	7516.363637
-91.087	7520.000001	-90.556	7520.000001	-90.305	7520.000001
-90.434	7523.636364	-90.731	7523.636364	-90.762	7523.636364
-90.222	7527.272728	-90.339	7527.272728	-90.21	7527.272728
-90.791	7530.909091	-90.35	7530.909091	-91.007	7530.909091
-90.941	7534.545455	-90.876	7534.545455	-90.563	7534.545455
-90.65	7538.181819	-90.516	7538.181819	-89.921	7538.181819
-90.594	7541.818182	-90.196	7541.818182	-90.053	7541.818182
-90.68	7545.454546	-90.969	7545.454546	-90.444	7545.454546
-89.959	7549.09091	-90.26	7549.09091	-90.022	7549.09091
-89.909	7552.727273	-90.171	7552.727273	-90.472	7552.727273
-90.605	7556.363637	-91.254	7556.363637	-89.923	7556.363637
-90.29	7560.000001	-90.52	7560.000001	-89.677	7560.000001
-90.504	7563.636364	-90.114	7563.636364	-90.301	7563.636364
-89.942	7567.272728	-90.502	7567.272728	-90.243	7567.272728
-89.686	7570.909091	-89.567	7570.909091	-89.56	7570.909091
-89.543	7574.545455	-89.595	7574.545455	-89.894	7574.545455
-89.549	7578.181819	-90.216	7578.181819	-90.042	7578.181819
-89.479	7581.818182	-90.571	7581.818182	-89.434	7581.818182
-89.874	7585.454546	-90.129	7585.454546	-89.718	7585.454546
-89.851	7589.09091	-89.849	7589.09091	-88.982	7589.09091
-88.696	7592.727273	-89.713	7592.727273	-89.4	7592.727273
-89.224	7596.363637	-88.728	7596.363637	-89.121	7596.363637
-89.068	7600.000001	-88.79	7600.000001	-88.487	7600.000001
-88.675	7603.636364	-89.216	7603.636364	-87.954	7603.636364
-88.727	7607.272728	-89.01	7607.272728	-87.891	7607.272728
-88.605	7610.909091	-88.665	7610.909091	-88.315	7610.909091
-88.312	7614.545455	-88.068	7614.545455	-88.155	7614.545455
-88.093	7618.181819	-88.574	7618.181819	-87.693	7618.181819
-88.119	7621.818182	-88.555	7621.818182	-87.466	7621.818182
-88.348	7625.454546	-88.4	7625.454546	-87.211	7625.454546
-88.064	7629.09091	-88.185	7629.09091	-87.395	7629.09091
-87.755	7632.727273	-87.604	7632.727273	-87.49	7632.727273
-87.881	7636.363637	-88.36	7636.363637	-86.633	7636.363637
-88.06	7640.000001	-88.048	7640.000001	-86.314	7640.000001
-87.224	7643.636364	-87.811	7643.636364	-86.929	7643.636364
-87.731	7647.272728	-88.263	7647.272728	-87.281	7647.272728
-87.644	7650.909091	-88.053	7650.909091	-86.828	7650.909091
-87.691	7654.545455	-87.622	7654.545455	-86.949	7654.545455
-87.312	7658.181819	-87.673	7658.181819	-86.585	7658.181819
-86.967	7661.818182	-87.351	7661.818182	-85.936	7661.818182
-86.917	7665.454546	-87.172	7665.454546	-86.532	7665.454546
-86.545	7669.09091	-86.806	7669.09091	-85.641	7669.09091
-86.199	7672.727273	-87.104	7672.727273	-84.864	7672.727273
-86.806	7676.363637	-87.03	7676.363637	-84.886	7676.363637
-85.789	7680.000001	-86.83	7680.000001	-84.53	7680.000001
-85.585	7683.636364	-86.326	7683.636364	-85.244	7683.636364
-85.348	7687.272728	-86.224	7687.272728	-84.286	7687.272728
-85.306	7690.909091	-86.552	7690.909091	-84.294	7690.909091
-85.634	7694.545455	-85.581	7694.545455	-84.635	7694.545455
-85.273	7698.181819	-86.232	7698.181819	-83.812	7698.181819
-85.006	7701.818182	-86.197	7701.818182	-83.826	7701.818182
-85.181	7705.454546	-85.676	7705.454546	-83.459	7705.454546
-85.549	7709.09091	-85.843	7709.09091	-84.169	7709.09091
-85.454	7712.727273	-86.181	7712.727273	-84.128	7712.727273
-84.92	7716.363637	-85.935	7716.363637	-84.503	7716.363637
-85.119	7720.000001	-85.939	7720.000001	-84.376	7720.000001
-85.016	7723.636364	-85.495	7723.636364	-83.614	7723.636364
-84.802	7727.272728	-85.447	7727.272728	-84.286	7727.272728
-84.802	7730.909091	-85.851	7730.909091	-83.192	7730.909091
-84.891	7734.545455	-85.821	7734.545455	-82.722	7734.545455
-84.407	7738.181819	-85.503	7738.181819	-83.071	7738.181819
-83.938	7741.818182	-84.332	7741.818182	-82.651	7741.818182
-83.991	7745.454546	-84.137	7745.454546	-82.474	7745.454546
-84.151	7749.09091	-84.825	7749.09091	-82.209	7749.09091
-83.973	7752.727273	-84.505	7752.727273	-82.642	7752.727273
-83.214	7756.363637	-84.189	7756.363637	-82.027	7756.363637
-83.068	7760.000001	-83.619	7760.000001	-81.396	7760.000001
-82.94	7763.636364	-83.447	7763.636364	-81.035	7763.636364
-82.934	7767.272728	-82.936	7767.272728	-81.225	7767.272728
-82.52	7770.909091	-83.651	7770.909091	-81.381	7770.909091
-82.303	7774.545455	-83.578	7774.545455	-81.173	7774.545455
-82.872	7778.181819	-83.624	7778.181819	-81.776	7778.181819
-83.117	7781.818182	-83.645	7781.818182	-81.11	7781.818182
-82.589	7785.454546	-83.786	7785.454546	-80.556	7785.454546
-82.797	7789.09091	-83.507	7789.09091	-80.815	7789.09091
-82.546	7792.727273	-83.716	7792.727273	-80.282	7792.727273
-83.074	7796.363637	-83.187	7796.363637	-80.175	7796.363637
-82.463	7800.000001	-83.145	7800.000001	-80.378	7800.000001
-82.229	7803.636364	-83.074	7803.636364	-79.64	7803.636364
-81.973	7807.272728	-82.245	7807.272728	-80.139	7807.272728
-82.034	7810.909091	-83.332	7810.909091	-80.015	7810.909091
-81.346	7814.545455	-82.248	7814.545455	-79.705	7814.545455
-81.523	7818.181819	-83.033	7818.181819	-79.829	7818.181819
-81.502	7821.818182	-82.101	7821.818182	-79.011	7821.818182
-81.631	7825.454546	-82.82	7825.454546	-79.399	7825.454546
-81.404	7829.09091	-82.984	7829.09091	-79.784	7829.09091
-80.63	7832.727273	-81.796	7832.727273	-79.294	7832.727273
-81.5	7836.363637	-82.721	7836.363637	-79.384	7836.363637
-80.956	7840.000001	-82.64	7840.000001	-79.558	7840.000001
-81.814	7843.636364	-82.33	7843.636364	-79.097	7843.636364
-81.17	7847.272728	-82.122	7847.272728	-79.33	7847.272728
-81.735	7850.909091	-82.117	7850.909091	-79.109	7850.909091
-81.406	7854.545455	-81.95	7854.545455	-79.152	7854.545455
-81.228	7858.181819	-82.232	7858.181819	-78.642	7858.181819
-81.029	7861.818182	-82.17	7861.818182	-78.843	7861.818182
-81.325	7865.454546	-81.514	7865.454546	-79.081	7865.454546
-80.876	7869.09091	-82.077	7869.09091	-78.57	7869.09091
-81.397	7872.727273	-81.743	7872.727273	-78.828	7872.727273
-80.991	7876.363637	-81.774	7876.363637	-78.298	7876.363637
-81.062	7880.000001	-82.561	7880.000001	-78.4	7880.000001
-80.24	7883.636364	-81.447	7883.636364	-78.822	7883.636364
-81.17	7887.272728	-82.362	7887.272728	-79.332	7887.272728
-81.174	7890.909091	-81.858	7890.909091	-78.945	7890.909091
-80.663	7894.545455	-82.294	7894.545455	-79.603	7894.545455
-80.876	7898.181819	-82.173	7898.181819	-79.665	7898.181819
-81.325	7901.818182	-82.877	7901.818182	-79.143	7901.818182
-81.736	7905.454546	-82.475	7905.454546	-79.222	7905.454546
-81.089	7909.09091	-82.511	7909.09091	-79.602	7909.09091
-81.347	7912.727273	-81.928	7912.727273	-78.649	7912.727273
-81.304	7916.363637	-82.39	7916.363637	-79.573	7916.363637
-81.193	7920.000001	-82.662	7920.000001	-79.279	7920.000001
-80.69	7923.636364	-82.316	7923.636364	-78.907	7923.636364
-81.043	7927.272728	-82.378	7927.272728	-79.608	7927.272728
-81.497	7930.909091	-82.235	7930.909091	-78.622	7930.909091
-81.377	7934.545455	-82.744	7934.545455	-78.912	7934.545455
-80.962	7938.181819	-82.438	7938.181819	-78.75	7938.181819
-80.266	7941.818182	-81.964	7941.818182	-78.925	7941.818182
-80.348	7945.454546	-82.469	7945.454546	-79.226	7945.454546
-82.053	7949.09091	-81.744	7949.09091	-78.766	7949.09091
-81.152	7952.727273	-82.365	7952.727273	-79.391	7952.727273
-81.256	7956.363637	-82.239	7956.363637	-79.587	7956.363637
-81.727	7960.000001	-82.231	7960.000001	-79.85	7960.000001
-81.543	7963.636364	-81.965	7963.636364	-79.743	7963.636364
-81.794	7967.272728	-81.76	7967.272728	-79.276	7967.272728
-81.48	7970.909091	-82.367	7970.909091	-79.001	7970.909091
-81.644	7974.545455	-82.335	7974.545455	-79.422	7974.545455
-80.608	7978.181819	-82.328	7978.181819	-79.667	7978.181819
-80.898	7981.818182	-82.317	7981.818182	-79.165	7981.818182
-82.005	7985.454546	-82.232	7985.454546	-80.084	7985.454546
-81.271	7989.09091	-82.139	7989.09091	-79.83	7989.09091
-81.287	7992.727273	-81.97	7992.727273	-79.507	7992.727273
-81.4	7996.363637	-82.023	7996.363637	-79.331	7996.363637
-80.731	8000.000001	-81.94	8000.000001	-79.282	8000.000001
-81.01	8003.636364	-81.818	8003.636364	-79.466	8003.636364
-81.441	8007.272728	-81.874	8007.272728	-79.171	8007.272728
-81.513	8010.909091	-82.169	8010.909091	-79.789	8010.909091
-81.194	8014.545455	-81.985	8014.545455	-78.825	8014.545455
-80.777	8018.181819	-81.636	8018.181819	-79.765	8018.181819
-81.535	8021.818182	-82.281	8021.818182	-79.339	8021.818182
-81.09	8025.454546	-82.606	8025.454546	-79.088	8025.454546
-81.33	8029.09091	-82.09	8029.09091	-78.998	8029.09091
-81.446	8032.727273	-82.032	8032.727273	-79.522	8032.727273
-81.596	8036.363637	-82.016	8036.363637	-79.265	8036.363637
-81.184	8040.000001	-82.225	8040.000001	-79.182	8040.000001
-80.811	8043.636364	-82.198	8043.636364	-79.157	8043.636364
-81.216	8047.272728	-82.577	8047.272728	-79.339	8047.272728
-81.335	8050.909091	-82.342	8050.909091	-79.837	8050.909091
-81.538	8054.545455	-82.578	8054.545455	-78.738	8054.545455
-81.609	8058.181819	-82.091	8058.181819	-79.231	8058.181819
-81.192	8061.818182	-82.014	8061.818182	-79.308	8061.818182
-80.917	8065.454546	-82.605	8065.454546	-80.137	8065.454546
-81.196	8069.09091	-82.691	8069.09091	-79.549	8069.09091
-81.756	8072.727273	-82.226	8072.727273	-79.886	8072.727273
-81.942	8076.363637	-82.158	8076.363637	-79.75	8076.363637
-81.512	8080.000001	-82.013	8080.000001	-79.029	8080.000001
-81.107	8083.636364	-82.387	8083.636364	-79.262	8083.636364
-80.526	8087.272728	-82.273	8087.272728	-79.23	8087.272728
-81.072	8090.909091	-81.998	8090.909091	-79.386	8090.909091
-80.885	8094.545455	-81.941	8094.545455	-79.182	8094.545455
-81.363	8098.181819	-82.575	8098.181819	-79.216	8098.181819
-81.421	8101.818182	-83.214	8101.818182	-79.053	8101.818182
-81.504	8105.454546	-81.611	8105.454546	-79.456	8105.454546
-80.987	8109.09091	-82.238	8109.09091	-79.643	8109.09091
-80.821	8112.727273	-82.103	8112.727273	-79.155	8112.727273
-80.875	8116.363637	-81.778	8116.363637	-79.644	8116.363637
-81.005	8120.000001	-81.996	8120.000001	-79.298	8120.000001
-81.591	8123.636364	-82.037	8123.636364	-79.688	8123.636364
-81.479	8127.272728	-82.683	8127.272728	-79.544	8127.272728
-81.596	8130.909091	-82.803	8130.909091	-79.887	8130.909091
-82.097	8134.545455	-82.824	8134.545455	-79.97	8134.545455
-81.527	8138.181819	-82.489	8138.181819	-80.049	8138.181819
-81.77	8141.818182	-82.82	8141.818182	-80.135	8141.818182
-81.716	8145.454546	-82.572	8145.454546	-79.793	8145.454546
-82.163	8149.09091	-82.905	8149.09091	-79.528	8149.09091
-81.718	8152.727273	-82.877	8152.727273	-79.902	8152.727273
-82.038	8156.363637	-82.461	8156.363637	-79.484	8156.363637
-81.062	8160.000001	-82.089	8160.000001	-79.584	8160.000001
-81.775	8163.636364	-82.537	8163.636364	-79.196	8163.636364
-81.494	8167.272728	-82.172	8167.272728	-79.679	8167.272728
-81.469	8170.909091	-82.412	8170.909091	-78.931	8170.909091
-81.905	8174.545455	-82.388	8174.545455	-79.225	8174.545455
-81.54	8178.181819	-82.405	8178.181819	-79.478	8178.181819
-80.921	8181.818182	-82.48	8181.818182	-79.644	8181.818182
-80.843	8185.454546	-82.306	8185.454546	-79.152	8185.454546
-81.759	8189.09091	-82.758	8189.09091	-79.918	8189.09091
-81.396	8192.727273	-82.793	8192.727273	-79.293	8192.727273
-82.342	8196.363637	-82.45	8196.363637	-79.491	8196.363637
-81.724	8200.000001	-82.871	8200.000001	-79.979	8200.000001
-81.753	8203.636364	-83.159	8203.636364	-79.796	8203.636364
-81.687	8207.272728	-82.715	8207.272728	-78.833	8207.272728
-81.481	8210.909091	-82.898	8210.909091	-80.455	8210.909091
-82.006	8214.545455	-82.983	8214.545455	-79.992	8214.545455
-81.669	8218.181819	-83.019	8218.181819	-79.747	8218.181819
-81.397	8221.818182	-82.72	8221.818182	-79.227	8221.818182
-81.678	8225.454546	-82.499	8225.454546	-79.996	8225.454546
-81.352	8229.09091	-82.699	8229.09091	-79.934	8229.09091
-81.226	8232.727273	-82.656	8232.727273	-79.317	8232.727273
-81.654	8236.363637	-82.848	8236.363637	-79.272	8236.363637
-80.684	8240.000001	-82.689	8240.000001	-78.961	8240.000001
-80.81	8243.636364	-82.505	8243.636364	-79.1	8243.636364
-81.19	8247.272728	-82.242	8247.272728	-79.241	8247.272728
-81.145	8250.909091	-82.799	8250.909091	-79.013	8250.909091
-81.304	8254.545455	-81.989	8254.545455	-79.249	8254.545455
-81.576	8258.181819	-81.922	8258.181819	-79.367	8258.181819
-80.98	8261.818182	-82.603	8261.818182	-79.228	8261.818182
-81.669	8265.454546	-82	8265.454546	-79.394	8265.454546
-81.38	8269.09091	-81.65	8269.09091	-79.38	8269.09091
-81.297	8272.727273	-81.733	8272.727273	-79.388	8272.727273
-81.785	8276.363637	-82.453	8276.363637	-79.499	8276.363637
-81.558	8280.000001	-82.214	8280.000001	-78.968	8280.000001
-81.323	8283.636364	-83.081	8283.636364	-79.458	8283.636364
-81.016	8287.272728	-82.433	8287.272728	-79.638	8287.272728
-80.646	8290.909091	-81.85	8290.909091	-79.308	8290.909091
-80.888	8294.545455	-82.012	8294.545455	-79.259	8294.545455
-81.116	8298.181819	-82.572	8298.181819	-79.381	8298.181819
-81.476	8301.818182	-81.682	8301.818182	-79.374	8301.818182
-80.809	8305.454546	-82.06	8305.454546	-78.941	8305.454546
-81.416	8309.09091	-82.214	8309.09091	-78.967	8309.09091
-80.793	8312.727273	-81.231	8312.727273	-78.424	8312.727273
-81.134	8316.363637	-82.447	8316.363637	-79.439	8316.363637
-81.197	8320.000001	-81.915	8320.000001	-78.471	8320.000001
-81.222	8323.636364	-81.548	8323.636364	-79.216	8323.636364
-80.677	8327.272728	-81.903	8327.272728	-78.724	8327.272728
-80.999	8330.909091	-81.688	8330.909091	-78.662	8330.909091
-80.658	8334.545455	-82.173	8334.545455	-78.657	8334.545455
-80.649	8338.181819	-82.134	8338.181819	-78.611	8338.181819
-80.631	8341.818182	-82.105	8341.818182	-78.823	8341.818182
-81.602	8345.454546	-81.652	8345.454546	-78.875	8345.454546
-81.206	8349.09091	-82.787	8349.09091	-79.382	8349.09091
-80.361	8352.727273	-82.054	8352.727273	-79.242	8352.727273
-80.93	8356.363637	-82.205	8356.363637	-79.068	8356.363637
-81.587	8360.000001	-82.533	8360.000001	-79.201	8360.000001
-81.216	8363.636364	-81.887	8363.636364	-79.225	8363.636364
-81.147	8367.272728	-81.755	8367.272728	-79.064	8367.272728
-81.7	8370.909091	-82.747	8370.909091	-78.731	8370.909091
-81.086	8374.545455	-82.041	8374.545455	-78.93	8374.545455
-80.948	8378.181819	-82.39	8378.181819	-78.543	8378.181819
-81.445	8381.818182	-81.665	8381.818182	-79.653	8381.818182
-80.939	8385.454546	-81.853	8385.454546	-79.179	8385.454546
-81.163	8389.09091	-82.196	8389.09091	-79.203	8389.09091
-81.894	8392.727273	-82.143	8392.727273	-79.075	8392.727273
-80.885	8396.363637	-81.833	8396.363637	-78.859	8396.363637
-81.144	8400.000001	-81.982	8400.000001	-79.147	8400.000001
-81.364	8403.636364	-81.542	8403.636364	-78.828	8403.636364
-81.183	8407.272728	-81.656	8407.272728	-79.737	8407.272728
-80.875	8410.909091	-81.756	8410.909091	-79.013	8410.909091
-81.089	8414.545455	-81.892	8414.545455	-79.084	8414.545455
-81.235	8418.181819	-81.795	8418.181819	-79.349	8418.181819
-80.634	8421.818182	-82.343	8421.818182	-78.739	8421.818182
-80.534	8425.454546	-82.408	8425.454546	-79.375	8425.454546
-80.576	8429.09091	-82.087	8429.09091	-79.051	8429.09091
-81.698	8432.727273	-82.323	8432.727273	-79.154	8432.727273
-80.879	8436.363637	-81.951	8436.363637	-78.961	8436.363637
-80.558	8440.000001	-81.517	8440.000001	-79.708	8440.000001
-80.989	8443.636364	-82.455	8443.636364	-79.287	8443.636364
-80.417	8447.272728	-82.149	8447.272728	-79.157	8447.272728
-81.299	8450.909091	-81.837	8450.909091	-79.065	8450.909091
-81.159	8454.545455	-82.19	8454.545455	-78.891	8454.545455
-80.29	8458.181819	-82.096	8458.181819	-79.204	8458.181819
-81.067	8461.818182	-81.927	8461.818182	-78.72	8461.818182
-80.738	8465.454546	-81.726	8465.454546	-78.696	8465.454546
-81.004	8469.09091	-82.023	8469.09091	-78.816	8469.09091
-80.797	8472.727273	-81.933	8472.727273	-78.478	8472.727273
-81.181	8476.363637	-81.662	8476.363637	-78.86	8476.363637
-81.102	8480.000001	-82.654	8480.000001	-78.525	8480.000001
-80.841	8483.636364	-81.792	8483.636364	-78.813	8483.636364
-80.773	8487.272728	-81.912	8487.272728	-79.145	8487.272728
-81.191	8490.909091	-82.76	8490.909091	-79.056	8490.909091
-81.263	8494.545455	-82.834	8494.545455	-79.369	8494.545455
-80.831	8498.181819	-82.224	8498.181819	-79.772	8498.181819
-81.178	8501.818182	-82.738	8501.818182	-79.122	8501.818182
-81.649	8505.454546	-82.062	8505.454546	-79.089	8505.454546
-81.1	8509.09091	-81.992	8509.09091	-79.665	8509.09091
-81.326	8512.727273	-82.487	8512.727273	-79.865	8512.727273
-81.571	8516.363637	-82.377	8516.363637	-78.878	8516.363637
-81.44	8520.000001	-81.801	8520.000001	-79.335	8520.000001
-80.79	8523.636364	-82.56	8523.636364	-78.314	8523.636364
-80.807	8527.272728	-81.586	8527.272728	-79.549	8527.272728
-81.397	8530.909091	-81.406	8530.909091	-79.84	8530.909091
-81.76	8534.545455	-81.887	8534.545455	-79.685	8534.545455
-81.117	8538.181819	-81.777	8538.181819	-79.744	8538.181819
-80.804	8541.818182	-81.557	8541.818182	-79.081	8541.818182
-80.523	8545.454546	-81.373	8545.454546	-78.495	8545.454546
-80.774	8549.09091	-81.583	8549.09091	-79.235	8549.09091
-81.213	8552.727273	-81.329	8552.727273	-78.747	8552.727273
-80.826	8556.363637	-81.932	8556.363637	-79.26	8556.363637
-81.01	8560.000001	-82.304	8560.000001	-78.633	8560.000001
-80.981	8563.636364	-82.377	8563.636364	-78.623	8563.636364
-81.561	8567.272728	-82.108	8567.272728	-78.79	8567.272728
-80.76	8570.909091	-81.996	8570.909091	-78.333	8570.909091
-80.79	8574.545455	-82.568	8574.545455	-79.322	8574.545455
-80.483	8578.181819	-81.869	8578.181819	-79.478	8578.181819
-80.861	8581.818182	-81.679	8581.818182	-79.458	8581.818182
-80.975	8585.454546	-82.447	8585.454546	-79.205	8585.454546
-81.037	8589.09091	-81.824	8589.09091	-79.213	8589.09091
-80.84	8592.727273	-82.299	8592.727273	-79.381	8592.727273
-81.131	8596.363637	-81.884	8596.363637	-79.122	8596.363637
-80.306	8600.000001	-82.043	8600.000001	-78.647	8600.000001
-81.01	8603.636364	-81.95	8603.636364	-78.486	8603.636364
-80.906	8607.272728	-82.53	8607.272728	-78.884	8607.272728
-81.539	8610.909091	-81.339	8610.909091	-78.646	8610.909091
-80.794	8614.545455	-82.096	8614.545455	-79.492	8614.545455
-80.734	8618.181819	-81.481	8618.181819	-79.327	8618.181819
-80.863	8621.818182	-82.31	8621.818182	-79.405	8621.818182
-81.434	8625.454546	-81.919	8625.454546	-78.636	8625.454546
-80.773	8629.09091	-82.058	8629.09091	-79.049	8629.09091
-81.136	8632.727273	-82.154	8632.727273	-79.053	8632.727273
-81.063	8636.363637	-81.903	8636.363637	-78.888	8636.363637
-81.483	8640.000001	-81.773	8640.000001	-78.771	8640.000001
-81.11	8643.636364	-81.87	8643.636364	-79.734	8643.636364
-80.481	8647.272728	-81.149	8647.272728	-79.009	8647.272728
-81.196	8650.909091	-81.777	8650.909091	-79.217	8650.909091
-80.508	8654.545455	-81.68	8654.545455	-78.984	8654.545455
-81.128	8658.181819	-81.659	8658.181819	-79.181	8658.181819
-80.928	8661.818182	-82.099	8661.818182	-79.262	8661.818182
-80.891	8665.454546	-82.044	8665.454546	-79.059	8665.454546
-81.141	8669.09091	-82.032	8669.09091	-79.407	8669.09091
-81.105	8672.727273	-82.885	8672.727273	-79.15	8672.727273
-81.329	8676.363637	-82.208	8676.363637	-79.077	8676.363637
-81.601	8680.000001	-82.079	8680.000001	-79.198	8680.000001
-81.162	8683.636364	-81.913	8683.636364	-79.038	8683.636364
-80.903	8687.272728	-81.756	8687.272728	-78.97	8687.272728
-81.007	8690.909091	-82.219	8690.909091	-79.022	8690.909091
-80.841	8694.545455	-82.095	8694.545455	-79.068	8694.545455
-81.438	8698.181819	-82.251	8698.181819	-79.286	8698.181819
-80.408	8701.818182	-82.249	8701.818182	-79.077	8701.818182
-80.941	8705.454546	-81.97	8705.454546	-78.744	8705.454546
-81.156	8709.09091	-81.941	8709.09091	-78.592	8709.09091
-81.048	8712.727273	-81.672	8712.727273	-79.264	8712.727273
-80.992	8716.363637	-82.222	8716.363637	-79.093	8716.363637
-81.188	8720.000001	-82.062	8720.000001	-79.222	8720.000001
-80.916	8723.636364	-82.388	8723.636364	-79.037	8723.636364
-81.1	8727.272728	-81.656	8727.272728	-79.069	8727.272728
-81.119	8730.909091	-82.278	8730.909091	-79.194	8730.909091
-81.455	8734.545455	-81.714	8734.545455	-79.178	8734.545455
-81.401	8738.181819	-81.713	8738.181819	-79.179	8738.181819
-80.886	8741.818182	-81.9	8741.818182	-78.942	8741.818182
-81.475	8745.454546	-81.675	8745.454546	-79.433	8745.454546
-81.272	8749.09091	-82.083	8749.09091	-79.157	8749.09091
-81.376	8752.727273	-82.092	8752.727273	-78.633	8752.727273
-80.895	8756.363637	-82.449	8756.363637	-78.878	8756.363637
-81.221	8760.000001	-82.094	8760.000001	-79.384	8760.000001
-81.216	8763.636364	-82.462	8763.636364	-79.63	8763.636364
-80.53	8767.272728	-82.13	8767.272728	-79.111	8767.272728
-81.049	8770.909091	-81.845	8770.909091	-79.277	8770.909091
-81.056	8774.545455	-81.921	8774.545455	-79.412	8774.545455
-80.836	8778.181819	-82.229	8778.181819	-78.799	8778.181819
-80.746	8781.818182	-81.983	8781.818182	-79.224	8781.818182
-81.32	8785.454546	-82.091	8785.454546	-78.956	8785.454546
-81.842	8789.09091	-82.366	8789.09091	-78.743	8789.09091
-81.797	8792.727273	-82.58	8792.727273	-79.729	8792.727273
-81.019	8796.363637	-81.935	8796.363637	-79.696	8796.363637
-81.438	8800.000001	-82.051	8800.000001	-79.652	8800.000001
-81.615	8803.636364	-82.213	8803.636364	-79.469	8803.636364
-81.311	8807.272728	-82.695	8807.272728	-79.683	8807.272728
-81.427	8810.909091	-82.766	8810.909091	-79.516	8810.909091
-81.773	8814.545455	-81.792	8814.545455	-79.114	8814.545455
-81.508	8818.181819	-82.172	8818.181819	-79.385	8818.181819
-81.352	8821.818182	-82.424	8821.818182	-79.315	8821.818182
-81.092	8825.454546	-82.371	8825.454546	-78.946	8825.454546
-80.919	8829.09091	-82.426	8829.09091	-79.611	8829.09091
-81.519	8832.727273	-82.078	8832.727273	-78.584	8832.727273
-81.421	8836.363637	-82.084	8836.363637	-79.767	8836.363637
-81.275	8840.000001	-82.36	8840.000001	-78.984	8840.000001
-81.497	8843.636364	-82.328	8843.636364	-79.484	8843.636364
-81.706	8847.272728	-82.378	8847.272728	-78.85	8847.272728
-81.338	8850.909091	-82.641	8850.909091	-80.636	8850.909091
-81.799	8854.545455	-82.574	8854.545455	-79.55	8854.545455
-81.203	8858.181819	-82.571	8858.181819	-79.614	8858.181819
-80.443	8861.818182	-83.441	8861.818182	-79.475	8861.818182
-81.316	8865.454546	-82.411	8865.454546	-79.492	8865.454546
-81.359	8869.09091	-82.62	8869.09091	-79.5	8869.09091
-81.745	8872.727273	-83.027	8872.727273	-79.4	8872.727273
-81.064	8876.363637	-82.633	8876.363637	-79.688	8876.363637
-81.595	8880.000001	-82.413	8880.000001	-78.859	8880.000001
-81.588	8883.636364	-82.384	8883.636364	-79.627	8883.636364
-81.135	8887.272728	-82.101	8887.272728	-78.795	8887.272728
-81.318	8890.909091	-82.276	8890.909091	-79.314	8890.909091
-81.205	8894.545455	-82.65	8894.545455	-79.27	8894.545455
-81.186	8898.181819	-82.527	8898.181819	-79.28	8898.181819
-81.557	8901.818182	-82.552	8901.818182	-79.705	8901.818182
-81.327	8905.454546	-82.515	8905.454546	-79.738	8905.454546
-82.339	8909.09091	-82.786	8909.09091	-79.254	8909.09091
-81.643	8912.727273	-82.467	8912.727273	-79.818	8912.727273
-81.579	8916.363637	-82.641	8916.363637	-79.523	8916.363637
-81.569	8920.000001	-82.904	8920.000001	-79.873	8920.000001
-82.064	8923.636364	-82.472	8923.636364	-79.969	8923.636364
-81.87	8927.272728	-82.422	8927.272728	-79.79	8927.272728
-82.392	8930.909091	-83.354	8930.909091	-80.379	8930.909091
-82.279	8934.545455	-83.515	8934.545455	-80.798	8934.545455
-82.493	8938.181819	-83.662	8938.181819	-81.217	8938.181819
-83.131	8941.818182	-84.477	8941.818182	-81.668	8941.818182
-83.973	8945.454546	-85.045	8945.454546	-81.84	8945.454546
-84.763	8949.09091	-84.724	8949.09091	-82.713	8949.09091
-84.9	8952.727273	-85.534	8952.727273	-82.881	8952.727273
-85.56	8956.363637	-86.112	8956.363637	-83.384	8956.363637
-85.829	8960.000001	-86.586	8960.000001	-84.221	8960.000001
-85.853	8963.636364	-86.109	8963.636364	-84.238	8963.636364
-85.954	8967.272728	-86.915	8967.272728	-84.352	8967.272728
-86.503	8970.909091	-87.343	8970.909091	-85.035	8970.909091
-86.481	8974.545455	-87.909	8974.545455	-85.293	8974.545455
-86.715	8978.181819	-88.097	8978.181819	-85.696	8978.181819
-86.911	8981.818182	-88.113	8981.818182	-85.966	8981.818182
-87.846	8985.454546	-88.371	8985.454546	-86.205	8985.454546
-87.621	8989.09091	-88.321	8989.09091	-86.798	8989.09091
-88.152	8992.727273	-88.144	8992.727273	-86.556	8992.727273
-88.679	8996.363637	-88.634	8996.363637	-86.774	8996.363637
-88.429	9000.000001	-89.2	9000.000001	-87.182	9000.000001
-89.376	9003.636364	-88.412	9003.636364	-87.304	9003.636364
-89.076	9007.272728	-89.407	9007.272728	-87.767	9007.272728
-89.098	9010.909091	-89.717	9010.909091	-87.965	9010.909091
-89.984	9014.545455	-90.177	9014.545455	-89.17	9014.545455
-89.843	9018.181819	-89.948	9018.181819	-88.664	9018.181819
-89.429	9021.818182	-90.259	9021.818182	-88.845	9021.818182
-90.007	9025.454546	-90.399	9025.454546	-90.158	9025.454546
-90.092	9029.09091	-90.168	9029.09091	-89.615	9029.09091
-90.24	9032.727273	-90.608	9032.727273	-89.484	9032.727273
-90.291	9036.363637	-90.878	9036.363637	-90.285	9036.363637
-90.411	9040.000001	-90.455	9040.000001	-89.758	9040.000001
-90.487	9043.636364	-90.001	9043.636364	-89.57	9043.636364
-90.228	9047.272728	-90.797	9047.272728	-90.058	9047.272728
-90.982	9050.909091	-90.522	9050.909091	-90.468	9050.909091
-90.694	9054.545455	-91.114	9054.545455	-89.908	9054.545455
-90.587	9058.181819	-90.407	9058.181819	-90.759	9058.181819
-90.149	9061.818182	-90.194	9061.818182	-90.027	9061.818182
-90.259	9065.454546	-90.626	9065.454546	-90.149	9065.454546
-90.491	9069.09091	-91.618	9069.09091	-90.171	9069.09091
-90.682	9072.727273	-90.226	9072.727273	-90.112	9072.727273
-90.665	9076.363637	-91.456	9076.363637	-90.432	9076.363637
-90.206	9080.000001	-90.661	9080.000001	-90.278	9080.000001
-90.705	9083.636364	-90.924	9083.636364	-91.296	9083.636364
-91.286	9087.272728	-90.979	9087.272728	-90.9	9087.272728
-90.841	9090.909091	-90.776	9090.909091	-90.198	9090.909091
-91.12	9094.545455	-90.999	9094.545455	-89.784	9094.545455
-90.796	9098.181819	-90.643	9098.181819	-90.323	9098.181819
-91.58	9101.818182	-90.866	9101.818182	-90.703	9101.818182
-90.809	9105.454546	-90.735	9105.454546	-90.603	9105.454546
-90.437	9109.09091	-91.183	9109.09091	-90.877	9109.09091
-90.143	9112.727273	-90.802	9112.727273	-90.442	9112.727273
-89.539	9116.363637	-90.626	9116.363637	-91.206	9116.363637
-90.485	9120.000001	-90.94	9120.000001	-90.912	9120.000001
-90.865	9123.636364	-90.951	9123.636364	-91.065	9123.636364
-90.766	9127.272728	-90.32	9127.272728	-90.204	9127.272728
-90.107	9130.909091	-90.718	9130.909091	-90.882	9130.909091
-90.353	9134.545455	-90.549	9134.545455	-90.614	9134.545455
-90.464	9138.181819	-90.737	9138.181819	-90.38	9138.181819
-90.635	9141.818182	-90.43	9141.818182	-90.318	9141.818182
-90.495	9145.454546	-90.269	9145.454546	-90.275	9145.454546
-90.79	9149.09091	-90.105	9149.09091	-90.732	9149.09091
-90.156	9152.727273	-90.572	9152.727273	-90.257	9152.727273
-90.244	9156.363637	-90.28	9156.363637	-90.916	9156.363637
-90.209	9160.000001	-90.677	9160.000001	-90.406	9160.000001
-90.624	9163.636364	-90.965	9163.636364	-90.121	9163.636364
-89.99	9167.272728	-90.213	9167.272728	-90.745	9167.272728
-90.059	9170.909091	-90.911	9170.909091	-90.151	9170.909091
-90.281	9174.545455	-90.196	9174.545455	-90.712	9174.545455
-90.298	9178.181819	-89.766	9178.181819	-90.611	9178.181819
-89.93	9181.818182	-89.827	9181.818182	-90.908	9181.818182
-90.136	9185.454546	-90.648	9185.454546	-91.238	9185.454546
-89.97	9189.09091	-90.145	9189.09091	-90.695	9189.09091
-90.351	9192.727273	-90.116	9192.727273	-90.455	9192.727273
-90.276	9196.363637	-90.315	9196.363637	-90.193	9196.363637
-90.461	9200.000001	-89.774	9200.000001	-90.122	9200.000001
-87.867	9203.636364	-88.155	9203.636364	-88.002	9203.636364
-88.041	9207.272728	-88.271	9207.272728	-87.869	9207.272728
-87.373	9210.909091	-88.029	9210.909091	-87.845	9210.909091
-87.748	9214.545455	-87.848	9214.545455	-87.768	9214.545455
-87.601	9218.181819	-87.561	9218.181819	-87.335	9218.181819
-87.763	9221.818182	-87.936	9221.818182	-87.593	9221.818182
-87.898	9225.454546	-87.406	9225.454546	-87.506	9225.454546
-87.829	9229.09091	-88.032	9229.09091	-87.168	9229.09091
-87.591	9232.727273	-87.475	9232.727273	-87.478	9232.727273
-87.571	9236.363637	-87.886	9236.363637	-87.377	9236.363637
-87.337	9240.000001	-87.629	9240.000001	-87.782	9240.000001
-87.57	9243.636364	-87.728	9243.636364	-88.09	9243.636364
-87.436	9247.272728	-88.116	9247.272728	-87.409	9247.272728
-86.681	9250.909091	-86.892	9250.909091	-88.172	9250.909091
-86.65	9254.545455	-87.411	9254.545455	-86.618	9254.545455
-87.305	9258.181819	-87.446	9258.181819	-87.221	9258.181819
-87.761	9261.818182	-87.648	9261.818182	-87.563	9261.818182
-87.167	9265.454546	-87.73	9265.454546	-87.266	9265.454546
-87.085	9269.09091	-86.994	9269.09091	-87.255	9269.09091
-87.601	9272.727273	-87.952	9272.727273	-86.722	9272.727273
-86.813	9276.363637	-87.239	9276.363637	-87.088	9276.363637
-87.164	9280.000001	-88.006	9280.000001	-87.352	9280.000001
-87.217	9283.636364	-87.66	9283.636364	-88.011	9283.636364
-87.612	9287.272728	-87.8	9287.272728	-87.178	9287.272728
-87.213	9290.909091	-87.392	9290.909091	-87.638	9290.909091
-87	9294.545455	-87.034	9294.545455	-87.563	9294.545455
-87.246	9298.181819	-87.588	9298.181819	-87.407	9298.181819
-87.483	9301.818182	-87.95	9301.818182	-87.317	9301.818182
-86.878	9305.454546	-87.17	9305.454546	-86.982	9305.454546
-87.483	9309.09091	-87.467	9309.09091	-87.085	9309.09091
-87.165	9312.727273	-87.611	9312.727273	-87.591	9312.727273
-86.89	9316.363637	-87.329	9316.363637	-87.439	9316.363637
-86.965	9320.000001	-86.659	9320.000001	-87.007	9320.000001
-87.724	9323.636364	-87.423	9323.636364	-87.199	9323.636364
-87.376	9327.272728	-87.686	9327.272728	-87.103	9327.272728
-86.806	9330.909091	-86.665	9330.909091	-87.145	9330.909091
-87.13	9334.545455	-86.939	9334.545455	-87.259	9334.545455
-86.844	9338.181819	-87.852	9338.181819	-87.008	9338.181819
-87.031	9341.818182	-86.961	9341.818182	-86.85	9341.818182
-87.208	9345.454546	-86.551	9345.454546	-86.99	9345.454546
-86.586	9349.09091	-87.382	9349.09091	-87.112	9349.09091
-87.443	9352.727273	-87.172	9352.727273	-87.255	9352.727273
-86.923	9356.363637	-87.199	9356.363637	-87.256	9356.363637
-86.788	9360.000001	-87.166	9360.000001	-86.951	9360.000001
-86.835	9363.636364	-87.136	9363.636364	-86.852	9363.636364
-86.846	9367.272728	-87.522	9367.272728	-86.721	9367.272728
-86.954	9370.909091	-86.764	9370.909091	-87.077	9370.909091
-86.976	9374.545455	-86.945	9374.545455	-87.001	9374.545455
-86.63	9378.181819	-86.846	9378.181819	-86.634	9378.181819
-85.941	9381.818182	-86.687	9381.818182	-86.269	9381.818182
-86.73	9385.454546	-86.447	9385.454546	-87.016	9385.454546
-86.938	9389.09091	-85.891	9389.09091	-86.412	9389.09091
-86.203	9392.727273	-86.246	9392.727273	-86.061	9392.727273
-85.639	9396.363637	-86.108	9396.363637	-86.443	9396.363637
-85.86	9400.000001	-86.28	9400.000001	-86.115	9400.000001
